camera_matrix:
  cols: 3
  data: [287.5110234753513, 0.0, 325.68570456987675, 0.0, 291.0490837544273, 260.54087869665955,
    0.0, 0.0, 1.0]
  rows: 3
camera_name: polo/camera_node
distortion_coefficients:
  cols: 5
  data: [-0.27283344047760605, 0.04318112052402877, 0.009051298587030519, -0.010987528864010245,
    0.0]
  rows: 1
distortion_model: plumb_bob
image_height: 480
image_width: 640
projection_matrix:
  cols: 4
  data: [224.29995727539062, 0.0, 345.0306858884287, 0.0, 0.0, 216.71070861816406,
    282.9719221756877, 0.0, 0.0, 0.0, 1.0, 0.0]
  rows: 3
rectification_matrix:
  cols: 3
  data: [1.0, 0.0, 0.0, 0.0, 1.0, 0.0, 0.0, 0.0, 1.0]
  rows: 3
