camera_matrix:
  cols: 3
  data: [283.22515953752725, 0.0, 323.2195756305407, 0.0, 288.38779792748414, 266.51840598518913,
    0.0, 0.0, 1.0]
  rows: 3
camera_name: polo/camera_node
distortion_coefficients:
  cols: 5
  data: [-0.27434964676030454, 0.04587036495313561, 0.007699439719738159, -0.010776406145585804,
    0.0]
  rows: 1
distortion_model: plumb_bob
image_height: 480
image_width: 640
projection_matrix:
  cols: 4
  data: [196.94287109375, 0.0, 328.1063084293273, 0.0, 0.0, 223.5027618408203, 281.3526368905732,
    0.0, 0.0, 0.0, 1.0, 0.0]
  rows: 3
rectification_matrix:
  cols: 3
  data: [1.0, 0.0, 0.0, 0.0, 1.0, 0.0, 0.0, 0.0, 1.0]
  rows: 3
